andrew	78661573,0.47712125471966244,1
as	44664014,0.47712125471966244,2
author	78661573,0.47712125471966244,1
authors	44664014,0.17609125905568124,1
authors	67613335,0.17609125905568124,1
baveja	44664014,0.17609125905568124,1
baveja	67613335,0.17609125905568124,1
both	67613335,0.47712125471966244,1
by	67613335,0.47712125471966244,1
cofounder	67613335,0.47712125471966244,1
engine	67613335,0.47712125471966244,1
for	44664014,0.17609125905568124,1
for	78661573,0.17609125905568124,1
frequency	78661573,0.47712125471966244,1
identifiers	44664014,0.47712125471966244,1
importance	78661573,0.47712125471966244,1
in	44664014,0.0,1
in	67613335,0.0,1
in	78661573,0.0,2
or	44664014,0.17609125905568124,1
or	78661573,0.17609125905568124,2
page	67613335,0.47712125471966244,2
pagerank	67613335,0.47712125471966244,3
representing	44664014,0.47712125471966244,1
results	67613335,0.47712125471966244,1
such	44664014,0.47712125471966244,1
the	67613335,0.47712125471966244,1
used	67613335,0.47712125471966244,1
vector	44664014,0.47712125471966244,4
