algebraic	44664014,0.47712125471966244,1
also	78661573,0.47712125471966244,1
an	44664014,0.17609125905568124,1
an	67613335,0.17609125905568124,1
and	44664014,0.17609125905568124,2
and	67613335,0.17609125905568124,2
any	44664014,0.47712125471966244,1
collection	78661573,0.47712125471966244,1
document	78661573,0.47712125471966244,2
frequencyinverse	78661573,0.47712125471966244,1
information	78661573,0.47712125471966244,1
it	67613335,0.47712125471966244,1
measure	78661573,0.47712125471966244,1
model	44664014,0.47712125471966244,5
named	67613335,0.47712125471966244,1
of	44664014,0.17609125905568124,1
of	78661573,0.17609125905568124,2
retrieval	78661573,0.47712125471966244,1
vectors	44664014,0.47712125471966244,1
