a	78661573,0.47712125471966244,4
algorithm	67613335,0.47712125471966244,1
corpus	78661573,0.47712125471966244,1
deorio	78661573,0.47712125471966244,1
documents	44664014,0.47712125471966244,1
general	44664014,0.47712125471966244,1
is	44664014,0.0,1
is	67613335,0.0,2
is	78661573,0.0,1
maya	44664014,0.17609125905568124,1
maya	67613335,0.17609125905568124,1
melina	44664014,0.17609125905568124,1
melina	67613335,0.17609125905568124,1
pages	67613335,0.47712125471966244,1
rank	67613335,0.47712125471966244,1
search	67613335,0.47712125471966244,2
space	44664014,0.47712125471966244,3
terms	44664014,0.47712125471966244,1
text	44664014,0.47712125471966244,1
their	67613335,0.47712125471966244,1
to	67613335,0.17609125905568124,1
to	78661573,0.17609125905568124,1
web	67613335,0.47712125471966244,2
