44664014	algebraic,1,0.47712125471966244
78661573	also,1,0.47712125471966244
44664014	an,1,0.17609125905568124
67613335	an,1,0.17609125905568124
44664014	and,2,0.17609125905568124
67613335	and,2,0.17609125905568124
44664014	any,1,0.47712125471966244
78661573	collection,1,0.47712125471966244
78661573	document,2,0.47712125471966244
78661573	frequencyinverse,1,0.47712125471966244
78661573	information,1,0.47712125471966244
67613335	it,1,0.47712125471966244
78661573	measure,1,0.47712125471966244
44664014	model,5,0.47712125471966244
67613335	named,1,0.47712125471966244
44664014	of,1,0.17609125905568124
78661573	of,2,0.17609125905568124
78661573	retrieval,1,0.47712125471966244
44664014	vectors,1,0.47712125471966244
