67613335	algorithm,1,0.47712125471966244
78661573	corpus,1,0.47712125471966244
78661573	deorio,1,0.47712125471966244
44664014	documents,1,0.47712125471966244
44664014	general,1,0.47712125471966244
44664014	maya,1,0.17609125905568124
67613335	maya,1,0.17609125905568124
44664014	melina,1,0.17609125905568124
67613335	melina,1,0.17609125905568124
67613335	pages,1,0.47712125471966244
67613335	rank,1,0.47712125471966244
67613335	search,2,0.47712125471966244
44664014	space,3,0.47712125471966244
44664014	terms,1,0.47712125471966244
44664014	text,1,0.47712125471966244
67613335	web,2,0.47712125471966244
