67613335	after,1,0.47712125471966244
67613335	google,1,0.47712125471966244
44664014	index,1,0.47712125471966244
67613335	larry,1,0.47712125471966244
44664014	objects,1,0.47712125471966244
44664014	odell,1,0.17609125905568124
67613335	odell,1,0.17609125905568124
67613335	pr,1,0.47712125471966244
78661573	short,1,0.47712125471966244
44664014	term,1,0.17609125905568124
78661573	term,1,0.17609125905568124
78661573	tfidf,7,0.47712125471966244
67613335	word,1,0.17609125905568124
78661573	word,1,0.17609125905568124
