78661573	andrew,1,0.47712125471966244
44664014	as,2,0.47712125471966244
78661573	author,1,0.47712125471966244
44664014	authors,1,0.17609125905568124
67613335	authors,1,0.17609125905568124
44664014	baveja,1,0.17609125905568124
67613335	baveja,1,0.17609125905568124
67613335	both,1,0.47712125471966244
67613335	by,1,0.47712125471966244
67613335	cofounder,1,0.47712125471966244
67613335	engine,1,0.47712125471966244
44664014	for,1,0.17609125905568124
78661573	for,1,0.17609125905568124
78661573	frequency,1,0.47712125471966244
44664014	identifiers,1,0.47712125471966244
78661573	importance,1,0.47712125471966244
44664014	in,1,0.0
67613335	in,1,0.0
78661573	in,2,0.0
44664014	or,1,0.17609125905568124
78661573	or,2,0.17609125905568124
67613335	page,2,0.47712125471966244
67613335	pagerank,3,0.47712125471966244
44664014	representing,1,0.47712125471966244
67613335	results,1,0.47712125471966244
44664014	such,1,0.47712125471966244
67613335	the,1,0.47712125471966244
67613335	used,1,0.47712125471966244
44664014	vector,4,0.47712125471966244
