1	algorithm,67613335,1,0.47712125471966244,2.691288582065867
1	authors,67613335,1,0.17609125905568124,2.691288582065867
1	baveja,67613335,1,0.17609125905568124,2.691288582065867
1	cofounder,67613335,1,0.47712125471966244,2.691288582065867
1	engine,67613335,1,0.47712125471966244,2.691288582065867
1	google,67613335,1,0.47712125471966244,2.691288582065867
1	larry,67613335,1,0.47712125471966244,2.691288582065867
1	maya,67613335,1,0.17609125905568124,2.691288582065867
1	melina,67613335,1,0.17609125905568124,2.691288582065867
1	named,67613335,1,0.47712125471966244,2.691288582065867
1	odell,67613335,1,0.17609125905568124,2.691288582065867
1	page,67613335,2,0.47712125471966244,2.691288582065867
1	pagerank,67613335,3,0.47712125471966244,2.691288582065867
1	pages,67613335,1,0.47712125471966244,2.691288582065867
1	pr,67613335,1,0.47712125471966244,2.691288582065867
1	rank,67613335,1,0.47712125471966244,2.691288582065867
1	results,67613335,1,0.47712125471966244,2.691288582065867
1	search,67613335,2,0.47712125471966244,2.691288582065867
1	web,67613335,2,0.47712125471966244,2.691288582065867
1	word,67613335,1,0.17609125905568124,2.691288582065867
