2	algebraic,44664014,1,0.47712125471966244,3.7208507483384485
2	authors,44664014,1,0.17609125905568124,3.7208507483384485
2	baveja,44664014,1,0.17609125905568124,3.7208507483384485
2	documents,44664014,1,0.47712125471966244,3.7208507483384485
2	general,44664014,1,0.47712125471966244,3.7208507483384485
2	identifiers,44664014,1,0.47712125471966244,3.7208507483384485
2	index,44664014,1,0.47712125471966244,3.7208507483384485
2	maya,44664014,1,0.17609125905568124,3.7208507483384485
2	melina,44664014,1,0.17609125905568124,3.7208507483384485
2	model,44664014,5,0.47712125471966244,3.7208507483384485
2	objects,44664014,1,0.47712125471966244,3.7208507483384485
2	odell,44664014,1,0.17609125905568124,3.7208507483384485
2	representing,44664014,1,0.47712125471966244,3.7208507483384485
2	space,44664014,3,0.47712125471966244,3.7208507483384485
2	term,44664014,1,0.17609125905568124,3.7208507483384485
2	terms,44664014,1,0.47712125471966244,3.7208507483384485
2	text,44664014,1,0.47712125471966244,3.7208507483384485
2	vector,44664014,4,0.47712125471966244,3.7208507483384485
2	vectors,44664014,1,0.47712125471966244,3.7208507483384485
1	andrew,78661573,1,0.47712125471966244,3.8547271270316728
1	author,78661573,1,0.47712125471966244,3.8547271270316728
1	collection,78661573,1,0.47712125471966244,3.8547271270316728
1	corpus,78661573,1,0.47712125471966244,3.8547271270316728
1	deorio,78661573,1,0.47712125471966244,3.8547271270316728
1	document,78661573,2,0.47712125471966244,3.8547271270316728
1	frequency,78661573,1,0.47712125471966244,3.8547271270316728
1	frequencyinverse,78661573,1,0.47712125471966244,3.8547271270316728
1	importance,78661573,1,0.47712125471966244,3.8547271270316728
1	information,78661573,1,0.47712125471966244,3.8547271270316728
1	measure,78661573,1,0.47712125471966244,3.8547271270316728
1	retrieval,78661573,1,0.47712125471966244,3.8547271270316728
1	short,78661573,1,0.47712125471966244,3.8547271270316728
1	term,78661573,1,0.17609125905568124,3.8547271270316728
1	tfidf,78661573,7,0.47712125471966244,3.8547271270316728
1	word,78661573,1,0.17609125905568124,3.8547271270316728
