algebraic 0.47712125471966244 44664014 1 3.7208507483384485
authors 0.17609125905568124 44664014 1 3.7208507483384485
baveja 0.17609125905568124 44664014 1 3.7208507483384485
documents 0.47712125471966244 44664014 1 3.7208507483384485
general 0.47712125471966244 44664014 1 3.7208507483384485
identifiers 0.47712125471966244 44664014 1 3.7208507483384485
index 0.47712125471966244 44664014 1 3.7208507483384485
maya 0.17609125905568124 44664014 1 3.7208507483384485
melina 0.17609125905568124 44664014 1 3.7208507483384485
model 0.47712125471966244 44664014 5 3.7208507483384485
objects 0.47712125471966244 44664014 1 3.7208507483384485
odell 0.17609125905568124 44664014 1 3.7208507483384485
representing 0.47712125471966244 44664014 1 3.7208507483384485
space 0.47712125471966244 44664014 3 3.7208507483384485
term 0.17609125905568124 44664014 1 3.7208507483384485
terms 0.47712125471966244 44664014 1 3.7208507483384485
text 0.47712125471966244 44664014 1 3.7208507483384485
vector 0.47712125471966244 44664014 4 3.7208507483384485
vectors 0.47712125471966244 44664014 1 3.7208507483384485
